LARGE GREYSCALE IMAGE: test_large.pgm
STATS RUNNING GLOBAL HISTOGRAM GENERATION
Queued 3, Submitted 264, Executed 5851, Total 6119 [us]
STATS RUNNING BLELLOCH ALGORITHM
Queued 3, Submitted 106, Executed 17, Total 127 [us]
HISTOGRAM: 
[17915904, 17915904, 17915904, 17915904, 17915904, 17915904, 17915904, 17915904, 17915904, 17915904, 17915904, 17915904, 17915904, 17915904, 17915904, 17915904, 17915904, 17915904, 17915904, 17915904, 17915904, 17915904, 17915904, 17915904, 17915904, 17915904, 17915904, 17915904, 17915904, 17915904, 17915904, 17915904, 17915904, 17915904, 17915904, 17915904, 17915904, 17915904, 17915904, 17915904, 17915904, 17915904, 17915904, 17915904, 17915904, 17915904, 17915904, 17915904, 17915904, 17915904, 17915904, 17915904, 17915904, 17915904, 17915904, 17915904, 17915904, 17915904, 17915904, 17915904, 17915904, 17915904, 17915904, 17915904, 17915904, 17915904, 17915904, 17915904, 17915904, 17915904, 17915904, 17915904, 17915904, 17915904, 17915904, 17915904, 17915904, 17915904, 17915904, 17915904, 17915904, 17915904, 17915904, 17915904, 17915904, 17915904, 17915904, 17915904, 17915904, 17915904, 17915904, 17915904, 17915904, 17915904, 17915904, 17915904, 17915904, 17915904, 17915904, 17915904, 17915904, 17915904, 17915904, 17915904, 17915904, 17915904, 17915904, 17915904, 17915904, 17915904, 17915904, 17915904, 17915904, 17915904, 17915904, 17915904, 17915904, 17915904, 17915904, 17915904, 17916091, 17922818, 17975759, 18182220, 18524124, 19053959, 19539867, 20095852, 20607009, 21140703, 21664548, 22241842, 22882789, 23472016, 24042905, 24657921, 25300613, 25917482, 26508048, 27164051, 27893444, 28398150, 28802826, 29228951, 29639141, 30067698, 30465661, 30824710, 31250224, 31605441, 31959347, 32302228, 32627361, 32964628, 33298980, 33617191, 33935724, 34157597, 34345707, 34496751, 34630945, 34747254, 34856787, 34986241, 35095100, 35212770, 35376406, 35560612, 35699370, 35779281, 35831808, 35831808, 35831808, 35831808, 35831808, 35831808, 35831808, 35831808, 35831808, 35831808, 35831808, 35831808, 35831808, 35831808, 35831808, 35831808, 35831808, 35831808, 35831808, 35831808, 35831808, 35831808, 35831808, 35831808, 35831808, 35831808, 35831808, 35831808, 35831808, 35831808, 35831808, 35831808, 35831808, 35831808, 35831808, 35831808, 35831808, 35831808, 35831808, 35831808, 35831808, 35831808, 35831808, 35831808, 35831808, 35831808, 35831808, 35831808, 35831808, 35831808, 35831808, 35831808, 35831808, 35831808, 35831808, 35831808, 35831808, 35831808, 35831808, 35831808, 35831808, 35831808, 35831808, 35831808, 35831808, 35831808, 35831808, 35831808, 35831808, 35831808, 35831808, 35831808, 35831808, 35831808, 35831808, 35831808, 35831808, 35831808, 35831808, 35831808, 35831808, 35831808, 35831808, 35831808, 35831808, 35831808, ]
Queued 6, Submitted 127, Executed 3, Total 136 [us]
HISTOGRAM POST NORMALISATION
[127, 127, 127, 127, 127, 127, 127, 127, 127, 127, 127, 127, 127, 127, 127, 127, 127, 127, 127, 127, 127, 127, 127, 127, 127, 127, 127, 127, 127, 127, 127, 127, 127, 127, 127, 127, 127, 127, 127, 127, 127, 127, 127, 127, 127, 127, 127, 127, 127, 127, 127, 127, 127, 127, 127, 127, 127, 127, 127, 127, 127, 127, 127, 127, 127, 127, 127, 127, 127, 127, 127, 127, 127, 127, 127, 127, 127, 127, 127, 127, 127, 127, 127, 127, 127, 127, 127, 127, 127, 127, 127, 127, 127, 127, 127, 127, 127, 127, 127, 127, 127, 127, 127, 127, 127, 127, 127, 127, 127, 127, 127, 127, 127, 127, 127, 127, 127, 127, 127, 127, 127, 127, 127, 129, 131, 135, 139, 143, 146, 150, 154, 158, 162, 167, 171, 175, 180, 184, 188, 193, 198, 202, 204, 208, 210, 213, 216, 219, 222, 224, 227, 229, 232, 234, 236, 239, 241, 243, 244, 245, 246, 247, 248, 248, 249, 250, 251, 253, 254, 254, 255, 255, 255, 255, 255, 255, 255, 255, 255, 255, 255, 255, 255, 255, 255, 255, 255, 255, 255, 255, 255, 255, 255, 255, 255, 255, 255, 255, 255, 255, 255, 255, 255, 255, 255, 255, 255, 255, 255, 255, 255, 255, 255, 255, 255, 255, 255, 255, 255, 255, 255, 255, 255, 255, 255, 255, 255, 255, 255, 255, 255, 255, 255, 255, 255, 255, 255, 255, 255, 255, 255, 255, 255, 255, 255, 255, 255, 255, 255, 255, 255, 255, 255, 255, 255, 255, ]
